184 268 184 268 0 0 0
184 268 185 269 0 0 0
185 269 186 270 0 0 0
186 270 187 270 0 0 0
187 270 189 270 0 0 0
189 270 190 268 0 0 0
190 268 193 266 0 0 0
193 266 198 260 0 0 0
198 260 204 254 0 0 0
204 254 208 247 0 0 0
208 247 215 238 0 0 0
215 238 222 229 0 0 0
222 229 230 218 0 0 0
230 218 233 214 0 0 0
233 214 245 198 0 0 0
245 198 254 186 0 0 0
254 186 265 174 0 0 0
265 174 276 164 0 0 0
276 164 286 155 0 0 0
286 155 298 144 0 0 0
298 144 309 135 0 0 0
309 135 322 125 0 0 0
322 125 334 116 0 0 0
334 116 346 109 0 0 0
346 109 356 101 0 0 0
356 101 365 96 0 0 0
365 96 374 92 0 0 0
374 92 381 88 0 0 0
381 88 386 86 0 0 0
386 86 393 84 0 0 0
393 84 398 82 0 0 0
398 82 402 82 0 0 0
402 82 406 82 0 0 0
406 82 408 82 0 0 0
408 82 412 82 0 0 0
412 82 415 82 0 0 0
415 82 418 82 0 0 0
418 82 420 82 0 0 0
420 82 424 82 0 0 0
424 82 428 84 0 0 0
428 84 432 87 0 0 0
432 87 436 90 0 0 0
436 90 439 95 0 0 0
439 95 442 99 0 0 0
442 99 447 105 0 0 0
447 105 451 110 0 0 0
451 110 467 148 0 0 0
467 148 468 157 0 0 0
468 157 470 165 0 0 0
470 165 472 173 0 0 0
472 173 472 180 0 0 0
472 180 472 186 0 0 0
472 186 472 191 0 0 0
472 191 472 196 0 0 0
472 196 470 202 0 0 0
470 202 468 207 0 0 0
468 207 466 210 0 0 0
466 210 464 214 0 0 0
464 214 460 218 0 0 0
460 218 456 222 0 0 0
456 222 452 225 0 0 0
452 225 448 227 0 0 0
448 227 444 231 0 0 0
444 231 440 234 0 0 0
440 234 436 236 0 0 0
436 236 430 238 0 0 0
430 238 425 240 0 0 0
425 240 418 241 0 0 0
418 241 410 242 0 0 0
410 242 403 242 0 0 0
403 242 397 242 0 0 0
397 242 390 242 0 0 0
390 242 382 242 0 0 0
382 242 374 242 0 0 0
374 242 368 242 0 0 0
368 242 361 242 0 0 0
361 242 354 241 0 0 0
354 241 349 239 0 0 0
349 239 343 237 0 0 0
343 237 339 235 0 0 0
339 235 334 231 0 0 0
334 231 330 229 0 0 0
330 229 326 226 0 0 0
326 226 321 222 0 0 0
321 222 318 218 0 0 0
318 218 315 211 0 0 0
315 211 311 205 0 0 0
311 205 308 198 0 0 0
308 198 304 191 0 0 0
304 191 300 181 0 0 0
300 181 295 169 0 0 0
295 169 291 158 0 0 0
291 158 289 148 0 0 0
289 148 285 137 0 0 0
285 137 283 128 0 0 0
283 128 277 95 0 0 0
277 95 277 93 0 0 0
277 93 277 91 0 0 0
277 91 277 90 0 0 0
277 90 277 89 0 0 0
277 89 277 88 0 0 0
277 88 278 88 0 0 0
278 88 278 87 0 0 0
